---
build/images/800.jpg: 2015-06-21 17:04:45.000000000 -05:00
build/images/801.jpg: 2015-06-21 17:04:44.000000000 -05:00
build/images/arrow_back.png: 2015-06-21 17:04:43.000000000 -05:00
build/images/arrow_end.png: 2015-06-21 17:04:43.000000000 -05:00
build/images/arrow_start.png: 2015-06-21 17:04:43.000000000 -05:00
build/images/bbb.jpg: 2015-06-21 17:04:43.000000000 -05:00
build/images/bg.jpg: 2015-06-21 17:04:46.000000000 -05:00
build/images/bg2.jpg: 2015-06-21 17:04:46.000000000 -05:00
build/images/bg3.jpg: 2015-06-21 17:04:47.000000000 -05:00
build/images/bigbg.jpg: 2015-06-21 17:05:18.000000000 -05:00
build/images/blank.gif: 2015-06-21 17:04:41.000000000 -05:00
build/images/bridal/arrow_end2.png: 2015-06-21 17:04:47.000000000 -05:00
build/images/bridal/courtney.jpg: 2015-06-21 17:04:47.000000000 -05:00
build/images/bridal/jessi.jpg: 2015-06-21 17:04:47.000000000 -05:00
build/images/bridal/jessi2.jpg: 2015-06-21 17:04:50.000000000 -05:00
build/images/bridal/mark.jpg: 2015-06-21 17:04:47.000000000 -05:00
build/images/bridal/mithc.jpg: 2015-06-21 17:04:48.000000000 -05:00
build/images/bridal/myra.jpg: 2015-06-21 17:04:48.000000000 -05:00
build/images/bridal/nick.jpg: 2015-06-21 17:04:48.000000000 -05:00
build/images/bridal/nicole.jpg: 2015-06-21 17:04:48.000000000 -05:00
build/images/bullet.png: 2015-06-21 17:04:48.000000000 -05:00
build/images/bullet_active.png: 2015-06-21 17:04:49.000000000 -05:00
build/images/close.png: 2015-06-21 17:04:48.000000000 -05:00
build/images/controls.png: 2015-06-21 17:04:40.000000000 -05:00
build/images/countdown-bg.jpg: 2015-06-21 17:04:51.000000000 -05:00
build/images/crate.jpg: 2015-06-21 17:04:49.000000000 -05:00
build/images/double_arrow.png: 2015-06-21 17:04:49.000000000 -05:00
build/images/env_back.jpg: 2015-06-21 17:04:50.000000000 -05:00
build/images/env_top.png: 2015-06-21 17:04:55.000000000 -05:00
build/images/env_top_top.png: 2015-06-21 17:04:55.000000000 -05:00
build/images/env_top_top_clean.png: 2015-06-21 17:04:55.000000000 -05:00
build/images/envelope_front.png: 2015-06-21 17:05:11.000000000 -05:00
build/images/envelope_front_clean.png: 2015-06-21 17:05:11.000000000 -05:00
build/images/fancybox_loading.gif: 2015-06-21 17:05:01.000000000 -05:00
build/images/fancybox_overlay.png: 2015-06-21 17:05:01.000000000 -05:00
build/images/fancybox_sprite.png: 2015-06-21 17:04:40.000000000 -05:00
build/images/footer.jpg: 2015-06-21 17:05:02.000000000 -05:00
build/images/heather.jpg: 2015-06-21 17:05:03.000000000 -05:00
build/images/im_arrow_end.png: 2015-06-21 17:05:03.000000000 -05:00
build/images/im_arrow_start.png: 2015-06-21 17:05:03.000000000 -05:00
build/images/loading.gif: 2015-06-21 17:05:03.000000000 -05:00
build/images/macys.jpg: 2015-06-21 17:05:04.000000000 -05:00
build/images/main_back.jpg: 2015-06-21 17:05:04.000000000 -05:00
build/images/marker.png: 2015-06-21 17:05:04.000000000 -05:00
build/images/marker2.png: 2015-06-21 17:05:04.000000000 -05:00
build/images/marker3.png: 2015-06-21 17:05:04.000000000 -05:00
build/images/marker4.png: 2015-06-21 17:05:04.000000000 -05:00
build/images/marker5.png: 2015-06-21 17:05:05.000000000 -05:00
build/images/married.png: 2015-06-21 17:05:09.000000000 -05:00
build/images/next.png: 2015-06-21 17:05:12.000000000 -05:00
build/images/paper.jpg: 2015-06-21 17:05:13.000000000 -05:00
build/images/pete.jpg: 2015-06-21 17:05:13.000000000 -05:00
build/images/prev.png: 2015-06-21 17:05:13.000000000 -05:00
build/images/rei.jpg: 2015-06-21 17:05:13.000000000 -05:00
build/images/vdark.png: 2015-06-21 17:05:13.000000000 -05:00
build/images/venz1.png: 2015-06-21 17:05:14.000000000 -05:00
build/images/venz4.png: 2015-06-21 17:05:14.000000000 -05:00
build/images/venz5.png: 2015-06-21 17:05:14.000000000 -05:00
